   0.0000000000000000        3.8484136694807874E-003
  0.10000000000000001        3.8482215390981968E-003
  0.20000000000000001        3.8479810194056779E-003
  0.30000000000000004        3.8476799317626819E-003
  0.40000000000000002        3.8473030372400724E-003
  0.50000000000000000        3.8468312703634350E-003
  0.60000000000000009        3.8462407825511366E-003
  0.70000000000000007        3.8455017488668304E-003
  0.80000000000000004        3.8445768809061750E-003
  0.90000000000000002        3.8434195756135523E-003
   1.0000000000000000        3.8419716142923353E-003
   1.1000000000000001        3.8401603078269454E-003
   1.2000000000000002        3.8378949631512967E-003
   1.3000000000000000        3.8350625225966432E-003
   1.4000000000000001        3.8315222028643060E-003
   1.5000000000000000        3.8270989359551482E-003
   1.6000000000000001        3.8215753940694457E-003
   1.7000000000000002        3.8146823704878884E-003
   1.8000000000000000        3.8060872989169056E-003
   1.9000000000000001        3.7953807406604363E-003
   2.0000000000000000        3.7820607763119200E-003
   2.1000000000000001        3.7655154412849115E-003
   2.2000000000000002        3.7450036904676503E-003
   2.3000000000000003        3.7196359285621306E-003
   2.4000000000000004        3.6883559712435126E-003
   2.5000000000000000        3.6499274765467164E-003
   2.6000000000000001        3.6029294393765446E-003
   2.7000000000000002        3.5457672143750217E-003
   2.8000000000000003        3.4767074743284449E-003
   2.9000000000000004        3.3939469583255085E-003
   3.0000000000000000        3.2957248163981608E-003
   3.1000000000000001        3.1804853678184170E-003
   3.2000000000000002        3.0470905349366888E-003
   3.3000000000000003        2.8950680584718690E-003
   3.4000000000000004        2.7248637106887315E-003
   3.5000000000000000        2.5380473081813007E-003
   3.6000000000000001        2.3374113425035101E-003
   3.7000000000000002        2.1269070287826632E-003
   3.8000000000000003        1.9113913418430783E-003
   3.9000000000000004        1.6962061270309056E-003
   4.0000000000000000        1.4866607393942931E-003
   4.1000000000000005        1.2875212839674934E-003
   4.2000000000000002        1.1026073107896167E-003
   4.2999999999999998        9.3456185141973483E-004
   4.4000000000000004        7.8480951871899292E-004
   4.5000000000000000        6.5367152540325702E-004
   4.6000000000000005        5.4058051603796142E-004
   4.7000000000000002        4.4433464455135354E-004
   4.8000000000000007        3.6334273758049907E-004
   4.9000000000000004        2.9583109315697333E-004
   5.0000000000000000        2.3999992358314634E-004
   5.1000000000000005        1.9412991754624444E-004
   5.2000000000000002        1.5664631692957005E-004
   5.3000000000000007        1.2615044594117792E-004
   5.4000000000000004        1.0142842568296275E-004
   5.5000000000000000        8.1445255840888436E-005
   5.6000000000000005        6.5330489077200803E-005
   5.7000000000000002        5.2359881810214500E-005
   5.8000000000000007        4.1935897247400480E-005
   5.9000000000000004        3.3568807375634923E-005
   6.0000000000000000        2.6859349821961060E-005
   6.1000000000000005        2.1483373012243080E-005
   6.2000000000000002        1.7178577633942259E-005
   6.3000000000000007        1.3733273706581917E-005
   6.4000000000000004        1.0976974234436154E-005
   6.5000000000000000        8.7726050813326050E-006
   6.6000000000000005        7.0101034517329392E-006
   6.7000000000000002        5.6011890742437623E-006
   6.8000000000000007        4.4751132721700355E-006
   6.9000000000000004        3.5752157304350372E-006
   7.0000000000000000        2.8561435538472265E-006
   7.1000000000000005        2.2816103526706402E-006
   7.2000000000000002        1.8225937490890751E-006
   7.3000000000000007        1.4558876061712801E-006
   7.4000000000000004        1.1629404937650661E-006
   7.5000000000000000        9.2892464222079760E-007
   7.6000000000000005        7.4199018422491702E-007
   7.7000000000000002        5.9266815268527193E-007
   7.8000000000000007        4.7339278056610897E-007
   7.9000000000000004        3.7811940109563526E-007
   8.0000000000000000        3.0201890492298453E-007
   8.0999999999999996        2.4123347197376701E-007
   8.2000000000000011        1.9268132583889009E-007
   8.3000000000000007        1.5390069531215290E-007
   8.4000000000000004        1.2292512459702553E-007
   8.5000000000000000        9.8183843492289078E-008
   8.5999999999999996        7.8422167011963886E-008
   8.7000000000000011        6.2637901562211097E-008
   8.8000000000000007        5.0030541404953067E-008
   8.9000000000000004        3.9960684516990333E-008
   9.0000000000000000        3.1917613149504499E-008
   9.0999999999999996        2.5493397148146313E-008
   9.2000000000000011        2.0362208063151283E-008
   9.3000000000000007        1.6263795819342345E-008
   9.4000000000000004        1.2990290490390424E-008
   9.5000000000000000        1.0375660148094435E-008
   9.6000000000000014        8.2872903319430235E-009
   9.7000000000000011        6.6192582029197333E-009
   9.8000000000000007        5.2869603429258648E-009
   9.9000000000000004        4.2228217820565800E-009
   10.000000000000000        3.3728686530823994E-009
   10.100000000000001        2.6939906613325914E-009
   10.200000000000001        2.1517545366248865E-009
   10.300000000000001        1.7186575740821105E-009
   10.400000000000000        1.3727326885011211E-009
   10.500000000000000        1.0964342335614594E-009
   10.600000000000001        8.7574807624738320E-010
   10.700000000000001        6.9948079029739537E-010
   10.800000000000001        5.5869191695164302E-010
   10.900000000000000        4.4624049737871381E-010
   11.000000000000000        3.5642287688066924E-010
   11.100000000000001        2.8468341020925300E-010
   11.200000000000001        2.2738339484162800E-010
   11.300000000000001        1.8161651238048552E-010
   11.400000000000000        1.4506141714212067E-010
   11.500000000000000        1.1586399511390516E-010
   11.600000000000001        9.2543321358199975E-011
   11.700000000000001        7.3916545939434015E-011
   11.800000000000001        5.9038898519181974E-011
   11.900000000000000        4.7155768594797010E-011
   12.000000000000000        3.7664430844044364E-011
   12.100000000000001        3.0083474246632472E-011
   12.200000000000001        2.4028384396312995E-011
   12.300000000000001        1.9192040513033280E-011
   12.400000000000000        1.5329137943093803E-011
   12.500000000000000        1.2243746039997892E-011
   12.600000000000001        9.7793703484361253E-012
   12.700000000000001        7.8110150347061958E-012
   12.800000000000001        6.2388429614881099E-012
   12.900000000000000        4.9831118391099346E-012
   13.000000000000000        3.9801296094050033E-012
   13.100000000000001        3.1790239148357518E-012
   13.200000000000001        2.5391617968403559E-012
   13.300000000000001        2.0280887476906290E-012
   13.400000000000000        1.6198825823221232E-012
   13.500000000000000        1.2938386367177092E-012
   13.600000000000001        1.0334196046699057E-012
   13.700000000000001        8.2541674749397664E-013
   13.800000000000001        6.5927993233082159E-013
   13.900000000000000        5.2658251784930058E-013
   14.000000000000000        4.2059394576481985E-013
   14.100000000000001        3.3593835954817054E-013
   14.200000000000001        2.6832193509157526E-013
   14.300000000000001        2.1431509324468348E-013
   14.400000000000000        1.7117854780181297E-013
   14.500000000000000        1.3672436590369799E-013
   14.600000000000001        1.0920499368517588E-013
   14.700000000000001        8.7224618428014238E-014
   14.800000000000001        6.9668371410167765E-014
   14.900000000000000        5.5645780542409365E-014
   15.000000000000000        4.4445604648076647E-014
   15.100000000000001        3.5499758531133547E-014
   15.200000000000001        2.8354499072446390E-014
   15.300000000000001        2.2647410881512343E-014
   15.400000000000000        1.8089024190672932E-014
   15.500000000000000        1.4448132631257250E-014
   15.600000000000001        1.1540066193177883E-014
   15.700000000000001        9.2173245596319534E-015
   15.800000000000001        7.3620957293822835E-015
   15.900000000000000        5.8802804629403434E-015
   16.000000000000000        4.6967194660121736E-015
   16.100000000000001        3.7513812277222624E-015
   16.199999999999999        2.9963171565908195E-015
   16.300000000000001        2.3932295754252778E-015
   16.400000000000002        1.9115292211612209E-015
   16.500000000000000        1.5267837239157733E-015
   16.600000000000001        1.2194783704106606E-015
   16.699999999999999        9.7402629632792156E-016
   16.800000000000001        7.7797790346932009E-016
   16.900000000000002        6.2138940249180249E-016
   17.000000000000000        4.9631845301419564E-016
   17.100000000000001        3.9642131940872597E-016
   17.199999999999999        3.1663110957766692E-016
   17.300000000000001        2.5290077663309510E-016
   17.400000000000002        2.0199784824344349E-016
   17.500000000000000        1.6134047209423163E-016
   17.600000000000001        1.2886646150912215E-016
   17.699999999999999        1.0292869908167287E-016
   17.800000000000001        8.2211593075328577E-017
   17.900000000000002        6.5664349168742822E-017
   18.000000000000000        5.2447673016186185E-017
   18.100000000000001        4.1891200318515817E-017
   18.199999999999999        3.3459495211245109E-017
   18.300000000000001        2.6724892370689427E-017
   18.400000000000002        2.1345805360054950E-017
   18.500000000000000        1.7049400991005845E-017
   18.600000000000001        1.3617760925341850E-017
   18.699999999999999        1.0876828618060923E-017
   18.800000000000001        8.6875809786400379E-018
   18.900000000000002        6.9389769675238201E-018
   19.000000000000000        5.5423254729032504E-018
   19.100000000000001        4.4267868003247668E-018
   19.200000000000003        3.5357796057517202E-018
   19.300000000000001        2.8241110277848970E-018
   19.400000000000002        2.2556844562037188E-018
   19.500000000000000        1.8016686723361524E-018
   19.600000000000001        1.4390354980503234E-018
   19.700000000000003        1.1493917813222407E-018
   19.800000000000001        9.1804647540733126E-019
   19.900000000000002        7.3326549284897818E-019
   20.000000000000000        5.8567653970295375E-019
   20.100000000000001        4.6779374251703695E-019
   20.200000000000003        3.7363795662548149E-019
   20.300000000000001        2.9843349737877849E-019
   20.400000000000002        2.3836591218434815E-019
   20.500000000000000        1.9038850729066014E-019
   20.600000000000001        1.5206781614114376E-019
   20.700000000000003        1.2146017128351615E-019
   20.800000000000001        9.7013119426457050E-020
   20.900000000000002        7.7486679307270404E-020
   21.000000000000000        6.1890448483304540E-020
   21.100000000000001        4.9433369034632488E-020
   21.200000000000003        3.9483604239406610E-020
   21.300000000000001        3.1536491122867050E-020
   21.400000000000002        2.5188943398182846E-020
   21.500000000000000        2.0119006488226625E-020
   21.600000000000001        1.6069527636578046E-020
   21.700000000000003        1.2835112837895850E-020
   21.800000000000001        1.0251709028866073E-020
   21.900000000000002        8.1882831370388453E-021
   22.000000000000000        6.5401759397897470E-021
   22.100000000000001        5.2237936338474676E-021
   22.200000000000003        4.1723678659786610E-021
   22.300000000000001        3.3325691689373813E-021
   22.400000000000002        2.6618020324406152E-021
   22.500000000000000        2.1260444122047189E-021
   22.600000000000001        1.6981220945730439E-021
   22.700000000000003        1.3563303906181503E-021
   22.800000000000001        1.0833332505322200E-021
   22.900000000000002        8.6528396018157602E-022
   23.000000000000000        6.9112282059069265E-022
   23.100000000000001        5.5201618788935141E-022
   23.200000000000003        4.4090842121440920E-022
   23.300000000000001        3.5216401287266345E-022
   23.400000000000002        2.8128174921446188E-022
   23.500000000000000        2.2466640414435756E-022
   23.600000000000001        1.7944638531336438E-022
   23.700000000000003        1.4332808380794632E-022
   23.800000000000001        1.1447953979225617E-022
   23.900000000000002        9.1437523497540768E-023
   24.000000000000000        7.3033318604666455E-023
   24.100000000000001        5.8333443671559378E-023
   24.200000000000003        4.6592304931431252E-023
   24.300000000000001        3.7214378959798807E-023
   24.400000000000002        2.9724007073735348E-023
   24.500000000000000        2.3741269402182121E-023
   24.600000000000001        1.8962714933715450E-023
   24.700000000000003        1.5145970148685670E-023
   24.800000000000001        1.2097445568672673E-023
   24.900000000000002        9.6625166859777381E-024
   25.000000000000000        7.7176812391348014E-024
   25.100000000000001        6.1642950428567149E-024
   25.200000000000003        4.9235686468501691E-024
   25.300000000000001        3.9325710485479559E-024
   25.400000000000002        3.1410377636902286E-024
   25.500000000000000        2.5088213565959855E-024
   25.600000000000001        2.0038551182260834E-024
   25.700000000000003        1.6005266075576849E-024
   25.800000000000001        1.2783785605058539E-024
   25.900000000000002        1.0210712750691379E-024
   26.000000000000000        8.1555384373684421E-025
   26.100000000000001        6.5140219715700012E-025
   26.200000000000003        5.2029038391471522E-025
   26.300000000000001        4.1556826915166391E-025
   26.400000000000002        3.3192423243789313E-025
   26.500000000000000        2.6511575656243568E-025
   26.600000000000001        2.1175424241079947E-025
   26.700000000000003        1.6913313550419388E-025
   26.800000000000001        1.3509064659014126E-025
   26.900000000000002        1.0790010332239001E-025
   27.000000000000000        8.6182371547196142E-026
   27.100000000000001        6.8835904107588362E-026
   27.200000000000003        5.4980869164341583E-026
   27.300000000000001        4.3914524160847791E-026
   27.400000000000002        3.5075571950477811E-026
   27.500000000000000        2.8015691190160511E-026
   27.600000000000001        2.2376796990525890E-026
   27.700000000000003        1.7872878457879062E-026
   27.800000000000001        1.4275491908219365E-026
   27.900000000000002        1.1402173953227814E-026
   28.000000000000000        9.1071867572431882E-027
   28.100000000000001        7.2741260545165632E-027
   28.200000000000003        5.8100169972811850E-027
   28.300000000000001        4.6405983695782896E-027
   28.400000000000002        3.7065559769979966E-027
   28.500000000000000        2.9605141657342248E-027
   28.600000000000001        2.3646328775025072E-027
   28.700000000000003        1.8886883603136223E-027
   28.800000000000001        1.5085401866490805E-027
   28.900000000000002        1.2049068245209821E-027
   29.000000000000000        9.6238765703823898E-028
   29.100000000000001        7.6868184623965747E-028
   29.200000000000003        6.1396442111157600E-028
   29.300000000000001        4.9038794429047836E-028
   29.400000000000002        3.9168448143958006E-028
   29.500000000000000        3.1284768475000948E-028
   29.600000000000001        2.4987886549326806E-028
   29.700000000000003        1.9958417614660282E-028
   29.800000000000001        1.5941261494638738E-028
   29.900000000000002        1.2732663628292037E-028
   30.000000000000000        1.0169880415408571E-028
   30.100000000000001        8.1229246827738345E-029
   30.200000000000003        6.4879725922879127E-029
   30.300000000000001        5.1820975821119076E-029
   30.400000000000002        4.1390642405688559E-029
   30.500000000000000        3.3059687734738036E-029
   30.600000000000001        2.6405556657129140E-029
   30.700000000000003        2.1090744352077041E-029
   30.800000000000001        1.6845677714753943E-029
   30.900000000000002        1.3455042312975873E-029
   31.000000000000000        1.0746861403231945E-029
   31.100000000000001        8.5837730817757305E-030
   31.200000000000003        6.8560631383279185E-030
   31.300000000000001        5.4761002310903109E-030
   31.400000000000002        4.3738911290511895E-030
   31.500000000000000        3.4935305786000574E-030
   31.600000000000001        2.7903657277955803E-030
   31.700000000000003        2.2287312847784662E-030
   31.800000000000001        1.7801405350812017E-030
   31.900000000000002        1.4218404642505715E-030
   32.000000000000000        1.1356577000186548E-030
   32.100000000000001        9.0707673894443647E-031
   32.200000000000003        7.2450370417120568E-031
   32.300000000000004        5.7867829128617832E-031
   32.399999999999999        4.6220407553190247E-031
   32.500000000000000        3.6917335703655804E-031
   32.600000000000001        2.9486751580198228E-031
   32.700000000000003        2.3551767812600015E-031
   32.800000000000004        1.8811355519782932E-031
   32.899999999999999        1.5025075795047186E-031
   33.000000000000000        1.2000884381218403E-031
   33.100000000000001        9.5853909754550805E-032
   33.200000000000003        7.6560791049806078E-032
   33.300000000000004        6.1150919573146248E-032
   33.399999999999999        4.8842689754978317E-032
   33.500000000000000        3.9011814689842275E-032
   33.600000000000001        3.1159661620385927E-032
   33.700000000000003        2.4887960737436375E-032
   33.800000000000004        1.9878604498802734E-032
   33.899999999999999        1.5877512866107793E-032
   34.000000000000000        1.2681746086783640E-032
   34.100000000000001        1.0129211367414842E-032
   34.200000000000003        8.0904413496096367E-033
   34.300000000000004        6.4620273836953987E-033
   34.399999999999999        5.1613745286770035E-033
   34.500000000000000        4.1225122463100243E-033
   34.600000000000001        3.2927483031022476E-033
   34.700000000000003        2.6299961624825245E-033
   34.800000000000004        2.1006403095420621E-033
   34.899999999999999        1.6778312352774835E-033
   35.000000000000000        1.3401236000685810E-033
   35.100000000000001        1.0703885025503082E-033
   35.200000000000003        8.5494468296300585E-034
   35.300000000000004        6.8286459466371264E-034
   35.399999999999999        5.4542014698444177E-034
   35.500000000000000        4.3564000690799026E-034
   35.600000000000001        3.4795600541725148E-034
   35.700000000000003        2.7792071386019416E-034
   35.800000000000004        2.2198186549457248E-034
   35.899999999999999        1.7730218062565265E-034
   36.000000000000000        1.4161545667062683E-034
   36.100000000000001        1.1311162387998456E-034
   36.200000000000003        9.0344936616094731E-035
   36.300000000000004        7.2160643550009321E-035
   36.399999999999999        5.7636417408519855E-035
   36.500000000000000        4.6035573524048778E-035
   36.600000000000001        3.6769704380945742E-035
   36.700000000000003        2.9368834941436222E-035
   36.800000000000004        2.3457584996639380E-035
   36.899999999999999        1.8736129470978988E-035
   37.000000000000000        1.4964990965761358E-035
   37.100000000000001        1.1952893203059943E-035
   37.200000000000003        9.5470592832721992E-036
   37.300000000000004        7.6254626733368365E-036
   37.399999999999999        6.0906378872430773E-036
   37.500000000000000        4.8647369297642844E-036
   37.600000000000001        3.8855807608231260E-036
   37.700000000000003        3.1035055064345203E-036
   37.800000000000004        2.4788434525883142E-036
   37.899999999999999        1.9799110553212087E-036
   38.000000000000000        1.5814019166438193E-036
   38.100000000000001        1.2631032163002847E-036
   38.200000000000003        1.0088704953729127E-036
   38.300000000000004        8.0580879163245592E-037
   38.400000000000006        6.4361859292171676E-037
   38.500000000000000        5.1407343461137987E-037
   38.600000000000001        4.1060264429818356E-037
   38.700000000000003        3.2795807009967721E-037
   38.800000000000004        2.6194788863901647E-037
   38.900000000000006        2.0922399116930626E-037
   39.000000000000000        1.6711216382865872E-037
   39.100000000000001        1.3347644858231423E-037
   39.200000000000003        1.0661080509024918E-037
   39.300000000000004        8.5152578471414709E-038
   39.400000000000006        6.8013383954770641E-038
   39.500000000000000        5.4323902810905294E-038
   39.600000000000001        4.3389789553349915E-038
   39.700000000000003        3.4656453974548172E-038
   39.800000000000004        2.7680931722732065E-038
   39.900000000000006        2.2109416664534370E-038
   40.000000000000000        1.7659315450157496E-038
   40.100000000000001        1.4104914068963696E-038
   40.200000000000003        1.1265929387487829E-038
   40.300000000000004        8.9983649913286482E-039
   40.400000000000006        7.1872075291984139E-039
   40.500000000000000        5.7405931096977140E-039
   40.600000000000001        4.5851478640667937E-039
   40.700000000000003        3.6622663431484730E-039
   40.800000000000004        2.9251389847790325E-039
   40.900000000000006        2.3363778814946071E-039
   41.000000000000000        1.8661204248896843E-039
   41.100000000000001        1.4905146413912819E-039
   41.200000000000003        1.1905093940189209E-039
   41.300000000000004        9.5088808783813400E-040
   41.400000000000006        7.5949686758885486E-040
   41.500000000000000        6.0662816082671842E-040
   41.600000000000001        4.8452829920981122E-040
   41.700000000000003        3.8700424394278920E-040
   41.800000000000004        3.0910946806199934E-040
   41.900000000000006        2.4689306316676580E-040
   42.000000000000000        1.9719934501534710E-040
   42.100000000000001        1.5750779376176709E-040
   42.200000000000003        1.2580521042688184E-040
   42.300000000000004        1.0048360523981767E-040
   42.400000000000006        8.0258638634526335E-041
   42.500000000000000        6.4104478139434752E-041
   42.600000000000001        5.1201767030240391E-041
   42.700000000000003        4.0896065658886476E-041
   42.800000000000004        3.2664657557387817E-041
   42.900000000000006        2.6090036685706963E-041
   43.000000000000000        2.0838731067841307E-041
   43.100000000000001        1.6644388727736575E-041
   43.200000000000003        1.3294268025154689E-041
   43.300000000000004        1.0618447166529522E-041
   43.400000000000006        8.4812055853724628E-042
   43.500000000000000        6.7741400463983798E-042
   43.600000000000001        5.4106663146289388E-042
   43.700000000000003        4.3216275081034916E-042
   43.800000000000004        3.4517863850336822E-042
   43.900000000000006        2.7570236503637926E-042
   44.000000000000000        2.2021001767729938E-042
   44.100000000000001        1.7588696375178799E-042
   44.200000000000003        1.4048508938933846E-042
   44.300000000000004        1.1220877272395072E-042
   44.400000000000006        8.9623807985211984E-043
   44.500000000000000        7.1584661009803928E-043
   44.600000000000001        5.7176366493309376E-043
   44.700000000000003        4.5668119947226571E-043
   44.800000000000004        3.6476210494388315E-043
   44.900000000000006        2.9134414413565671E-043
   45.000000000000000        2.3270347761371575E-043
   45.100000000000001        1.8586578650539695E-043
   45.200000000000003        1.4845541178639486E-043
   45.300000000000004        1.1857485825142872E-043
   45.400000000000006        9.4708551477912067E-044
   45.500000000000000        7.5645966230252665E-044
   45.600000000000001        6.0420227293233638E-044
   45.700000000000003        4.8259068501475510E-044
   45.800000000000004        3.8545662553157690E-044
   45.900000000000006        3.0787334853271694E-044
   46.000000000000000        2.4590574518217899E-044
   46.100000000000001        1.9641075072522888E-044
   46.200000000000003        1.5687792479947434E-044
   46.300000000000004        1.2530211914834830E-044
   46.400000000000006        1.0008177430403823E-044
   46.500000000000000        7.9937686736056836E-045
   46.600000000000001        6.3848126246238424E-045
   46.700000000000003        5.0997012693349147E-045
   46.800000000000004        4.0732523513934681E-045
   46.900000000000006        3.2534032567551193E-045
   47.000000000000000        2.5985703408344162E-045
   47.100000000000001        2.0755397604780732E-045
   47.200000000000003        1.6577828314403669E-045
   47.300000000000004        1.3241104644438988E-045
   47.400000000000006        1.0575984313497256E-045
   47.500000000000000        8.4472894975812049E-046
   47.600000000000001        6.7470504627051132E-046
   47.700000000000003        5.3890292216603787E-046
   47.800000000000004        4.3043454487911632E-046
   47.900000000000006        3.4379827943892346E-046
   48.000000000000000        2.7459983951418711E-046
   48.100000000000001        2.1932940439456451E-046
   48.200000000000003        1.7518359703771447E-046
   48.300000000000004        1.3992329371334091E-046
   48.400000000000006        1.1176005319364814E-046
   48.500000000000000        8.9265405054258856E-047
   48.600000000000001        7.1298396088751662E-047
   48.700000000000003        5.6947719911634297E-047
   48.800000000000004        4.5485494499723127E-047
   48.900000000000006        3.6330343218212607E-047
   49.000000000000000        2.9017906760609111E-047
   49.100000000000001        2.3177290335789087E-047
   49.200000000000003        1.8512251477721211E-047
   49.300000000000004        1.4786174302921530E-047
   49.400000000000006        1.1810068093526486E-047
   49.500000000000000        9.4329814809620921E-048
   49.600000000000001        7.5343460270940268E-048
   49.700000000000003        6.0178608609117943E-048
   49.800000000000004        4.8066081928098589E-048
   49.900000000000006        3.8391519600016162E-048
   50.000000000000000        3.0664217220851652E-048
   50.100000000000001        2.4492237545271657E-048
   50.200000000000003        1.9562531000012066E-048
   50.300000000000004        1.5625057466434675E-048
   50.400000000000006        1.2480103971680961E-048
   50.500000000000000        9.9681550278170657E-049
   50.600000000000001        7.9618018314640946E-049
   50.700000000000003        6.3592799496605425E-049
   50.800000000000004        5.0793077162934860E-049
   50.900000000000006        4.0569635369135368E-049
   51.000000000000000        3.2403929943147439E-049
   51.100000000000001        2.5881787356640598E-049
   51.200000000000003        2.0672397389749648E-049
   51.300000000000004        1.6511534074175437E-049
   51.400000000000006        1.3188153862494716E-049
   51.500000000000000        1.0533691268145991E-049
   51.600000000000001        8.4135090392117846E-050
   51.700000000000003        6.7200692094478358E-050
   51.800000000000004        5.3674786547801991E-050
   51.900000000000006        4.2871324999177841E-050
   52.000000000000000        3.4242344038914924E-050
   52.100000000000001        2.7350172295862045E-050
   52.200000000000003        2.1845231265804227E-050
   52.300000000000004        1.7448304306612271E-050
   52.400000000000006        1.3936374464147014E-050
   52.500000000000000        1.1131312807934492E-050
   52.600000000000001        8.8908435365919447E-051
   52.700000000000003        7.1013275932567598E-051
   52.800000000000004        5.6719987680809340E-051
   52.900000000000006        4.5303599365928990E-051
   53.000000000000000        3.6185059260917600E-051
   53.100000000000001        2.8901865018275655E-051
   53.200000000000003        2.3084605044071757E-051
   53.300000000000004        1.8438221537046583E-051
   53.400000000000006        1.4727044833566206E-051
   53.500000000000000        1.1762839984002573E-051
   53.600000000000001        9.3952592697950214E-052
   53.700000000000003        7.5042164023922891E-052
   53.800000000000004        5.9937956150902573E-052
   53.900000000000006        4.7873867102263852E-052
   54.000000000000000        3.8237993059940352E-052
   54.100000000000001        3.0541591932165109E-052
   54.200000000000003        2.4394293818942763E-052
   54.300000000000004        1.9484301022900999E-052
   54.400000000000006        1.5562573328366984E-052
   54.500000000000000        1.2430196408695155E-052
   54.600000000000001        9.9282926736224431E-053
   54.700000000000003        7.9299628237693346E-053
   54.800000000000004        6.3338493791017268E-053
   54.900000000000006        5.0589957164614868E-053
   55.000000000000000        4.0407398609161997E-053
   55.100000000000001        3.2274347595252337E-053
   55.200000000000003        2.5778286862123687E-053
   55.300000000000004        2.0589729090099151E-053
   55.400000000000006        1.6445504942633580E-053
   55.500000000000000        1.3135414829145915E-053
   55.600000000000001        1.0491567351419591E-053
   55.700000000000003        8.3798636678863213E-054
   55.800000000000004        6.6931958534163715E-054
   55.900000000000006        5.3460142679732291E-054
   56.000000000000000        4.2699883851128391E-054
   56.100000000000001        3.4105409927966185E-054
   56.200000000000003        2.7240799773835747E-054
   56.300000000000004        2.1757872838517446E-054
   56.400000000000006        1.7378529058893438E-054
   56.500000000000000        1.3880643318962529E-054
   56.600000000000001        1.1086799020522204E-054
   56.700000000000003        8.8552893188700475E-055
   56.800000000000004        7.0729295963371193E-055
   56.900000000000006        5.6493166144373621E-055
   57.000000000000000        4.5122431625342116E-055
   57.100000000000001        3.6040356289827476E-055
   57.200000000000003        2.8786287323403471E-055
   57.300000000000004        2.2992290398067380E-055
   57.400000000000006        1.8364487639893344E-055
   57.500000000000000        1.4668151821192762E-055
   57.600000000000001        1.1715800738277719E-055
   57.700000000000003        9.3576879086235964E-056
   57.800000000000004        7.4742072651597253E-056
   57.900000000000006        5.9698266054679013E-056
   58.000000000000000        4.7682420937776604E-056
   58.100000000000001        3.8085080467911707E-056
   58.200000000000003        3.0419457018345028E-056
   58.300000000000004        2.4296741766649773E-056
   58.400000000000006        1.9406383885131560E-056
   58.500000000000000        1.5500339062501158E-056
   58.600000000000001        1.2380488424562749E-056
   58.700000000000003        9.8885897277915100E-057
   58.800000000000004        7.8982511393152753E-057
   58.900000000000006        6.3085205046349312E-057
   59.000000000000000        5.0387649437101424E-057
   59.100000000000001        4.0245810629144958E-057
   59.200000000000003        3.2145283443295234E-057
   59.300000000000004        2.5675200262992658E-057
   59.400000000000006        2.0507391378509560E-057
   59.500000000000000        1.6379739859616623E-057
   59.600000000000001        1.3082886697615907E-057
   59.700000000000003        1.0449611886978034E-057
   59.800000000000004        8.3463528433957582E-058
   59.900000000000006        6.6664299631329341E-058
